
North America 40
 19.419033 -95.83105
 22.462542 -97.32445
 27.18168 -95.97526
 28.642382 -87.61889
 24.386515 -83.86699
 22.32735 -75.79346
 37.579502 -74.1642
 44.824856 -55.16303
 42.632317 -49.933468
 44.863125 -48.689934
 46.658627 -43.671204
 49.0087 -45.032265
 48.26926 -49.37762
 55.20218 -53.871
 55.307346 -56.53822
 60.468853 -61.128574
 64.106575 -56.5693
 59.03527 -43.81137
 63.19155 -39.430244
 67.10003 -25.680635
 70.07407 -33.2003
 84.291725 -28.52622
 82.517975 -94.808174
 74.35669 -94.9317
 75.03173 -112.07547
 75.71968 -128.28415
 68.938736 -135.59132
 64.278305 -122.80029
 56.533474 -122.55989
 48.950947 -112.02911
 46.65747 -111.08587
 42.42851 -104.85948
 37.69619 -104.76937
 36.917217 -96.52607
 32.075516 -96.30536
 30.679163 -98.649765
 31.571318 -103.54036
 27.278728 -100.00327
 22.20892 -98.38037
 19.419033 -95.83105

Northern Alaska 32
 68.938736 -135.59132
 70.141014 -142.9152
 69.76305 -146.81912
 68.76949 -148.11566
 68.89301 -163.73524
 66.699615 -164.26953
 65.692154 -167.98459
 64.43918 -166.23215
 64.46536 -161.16678
 63.878647 -161.0442
 62.735107 -165.69028
 61.288063 -168.08492
 59.506912 -167.8852
 58.231728 -162.80502
 58.599594 -159.90845
 59.467907 -156.75456
 58.705082 -156.02293
 56.2953 -160.41382
 54.38288 -165.67252
 56.790455 -173.45735
 58.184204 -175.121
 58.97853 -178.29593
 60.0 -180.0
 64.85 -180.0
 65.444374 -176.30568
 64.25067 -172.88245
 66.11483 -170.21283
 74.72284 -173.4789
 73.54047 -160.58987
 71.23112 -148.39418
 70.5 -133.91
 68.938736 -135.59132

Kamchatka 16
 60.0 180.0
 61.595623 177.33266
 60.36227 174.30751
 59.36196 170.47775
 59.257355 167.26176
 58.675335 165.22165
 58.148533 163.79059
 58.24659 163.11761
 58.973927 163.12358
 59.803474 163.79138
 60.84412 170.63065
 61.34159 173.40767
 62.880955 178.03784
 64.12735 175.49323
 64.85 180.0
 60.0 180.0

South America 29
 8.303954 -66.75616
 1.7508682 -75.212326
 -4.9771414 -77.49888
 -12.2590065 -72.83101
 -18.388039 -63.83871
 -23.500248 -64.76407
 -23.935064 -65.87958
 -27.519993 -66.00715
 -28.621853 -64.42288
 -34.141052 -65.50544
 -34.615463 -69.02995
 -49.329865 -72.13466
 -54.65706 -65.24821
 -54.953053 -56.639416
 -52.28955 -42.37552
 -49.428677 -39.348637
 -47.345577 -60.75981
 -43.760174 -59.338867
 -24.63191 -44.260117
 -23.575163 -40.98568
 -18.027803 -37.288883
 -14.315897 -38.871254
 -8.572631 -33.821095
 -4.420453 -34.958565
 -1.8797541 -42.447193
 9.201375 -54.408474
 12.774803 -68.757706
 11.466979 -68.7134
 8.303954 -66.75616

Caribbean 23
 18.104013 -94.42525
 18.088055 -91.877106
 17.053055 -88.32195
 14.626808 -88.8385
 13.698672 -86.10452
 11.198273 -83.65952
 12.353252 -81.63388
 15.126144 -80.61658
 16.783298 -77.14559
 17.497164 -74.81347
 18.767103 -76.58708
 18.755507 -78.81084
 17.863523 -80.29402
 16.537952 -87.70992
 19.334587 -86.69813
 23.0857 -85.40542
 24.720045 -86.726105
 24.865585 -87.71321
 21.873615 -92.30852
 20.057566 -92.348404
 18.87364 -93.92718
 19.269049 -95.739334
 18.104013 -94.42525

Africa 52
 28.085041 -12.156254
 27.92342 -13.587614
 25.1922 -15.949298
 20.360119 -18.060865
 9.7462635 -17.706816
 3.948652 -7.838221
 4.2115655 -1.4831085
 5.9754415 4.039883
 3.7740989 5.6895523
 3.565309 9.08803
 -1.258781 8.250279
 -5.0977716 11.225685
 -11.024588 13.228264
 -17.4128 10.976341
 -31.815403 16.035881
 -31.298002 30.14811
 -28.655735 32.57225
 -24.314863 35.575504
 -18.093874 37.770004
 -15.228357 41.223892
 -4.449763 40.26607
 3.7862926 47.935925
 12.587315 54.18459
 10.841987 44.144226
 12.358942 44.199226
 17.516973 57.42451
 22.432741 60.277264
 24.514547 57.730263
 27.584618 56.783417
 37.295197 43.122868
 36.452007 36.858467
 33.64633 36.90649
 32.130997 26.613726
 33.74975 21.921835
 33.005066 17.183537
 36.37075 15.633169
 38.13988 20.563637
 41.81856 19.288355
 45.44651 13.327676
 44.482983 12.47046
 41.08491 17.159662
 38.997505 17.184961
 37.178043 15.576176
 36.911148 14.047512
 37.08878 13.268162
 33.964226 10.225922
 33.699898 5.38912
 33.937397 2.7444248
 31.881804 -3.273863
 31.98269 -4.548322
 29.91527 -3.910237
 28.085041 -12.156254

Europe 63
 36.955933 -6.554683
 35.71627 -5.4775624
 36.223415 -2.3028264
 37.74894 0.15435563
 38.36496 4.142423
 47.54277 5.8421335
 47.70539 8.433725
 49.11552 15.285964
 50.60647 19.006708
 50.97641 21.518578
 49.18751 25.056961
 47.54114 25.945425
 46.324436 27.564768
 45.370922 27.299393
 44.34006 24.531734
 43.858135 26.403385
 43.830875 28.466719
 42.513386 27.611286
 41.246128 29.017113
 41.17666 31.151997
 42.01437 33.52874
 40.892296 39.657356
 41.47365 41.673386
 42.787365 41.52544
 45.04576 36.69878
 45.417072 37.707413
 43.6542 47.51021
 40.408043 49.883385
 37.91936 49.010017
 36.65376 51.833263
 37.37044 55.09449
 39.614616 55.31621
 35.598534 61.956703
 36.48387 63.98669
 37.419273 64.06683
 42.678497 60.82028
 43.2154 58.374813
 50.75736 56.274094
 60.597855 56.794247
 68.17267 58.948967
 71.699684 51.083076
 76.58932 59.321556
 82.86434 60.540768
 81.45456 4.5221024
 74.45418 17.433115
 70.36555 17.113031
 71.27165 26.679688
 68.28886 19.865593
 66.39993 19.168098
 61.37503 11.9558115
 59.456505 5.5855765
 60.745327 4.1803513
 62.045025 4.7237754
 64.685 10.5815935
 64.55544 5.287283
 55.52072 -25.844187
 48.83775 -12.123345
 47.336933 -5.8648767
 44.938644 -3.127925
 43.867405 -4.3231616
 41.65271 -4.7791133
 38.482384 -2.9190109
 36.955933 -6.554683

Austrialia 36
 -29.529995 138.27704
 -31.412199 144.57106
 -30.334187 146.62744
 -32.762615 148.35884
 -27.335016 151.24017
 -23.249765 150.80573
 -22.473362 149.33278
 -20.915459 145.92834
 -20.611187 143.88245
 -18.912136 145.17975
 -12.719861 143.83699
 -11.617801 150.56123
 -10.486507 150.78365
 -10.210725 147.84204
 -9.007924 146.98047
 -3.5134885 133.73643
 -5.019623 134.75139
 -6.436628 134.8354
 -8.827968 132.1629
 -11.161432 124.885025
 -14.595859 121.57629
 -16.920752 117.59773
 -16.619617 116.32554
 -19.971825 110.245514
 -21.710464 112.840744
 -25.037529 110.57716
 -32.019173 114.47039
 -33.072666 113.66379
 -32.841324 109.993065
 -34.723465 110.35947
 -35.333527 114.81394
 -33.985535 128.65816
 -36.56794 136.4693
 -35.05302 138.79926
 -34.088455 138.19444
 -29.529995 138.27704

Asia 143
 71.75006 56.33357
 67.72383 69.072136
 66.5194 69.189354
 64.35185 62.238316
 57.25963 61.31088
 50.146214 63.246815
 45.86 57.64
 43.2154 58.374813
 42.678497 60.82028
 43.09206 65.71331
 41.659607 70.15024
 42.65583 71.34862
 44.207504 71.069214
 46.4139 66.806465
 53.22604 66.33949
 54.718266 69.48493
 51.96527 79.73686
 52.91662 82.83195
 54.08141 80.5812
 55.19668 85.169815
 50.839912 105.92482
 53.07679 110.10427
 55.514587 111.72023
 53.632133 116.96805
 54.30387 125.072655
 50.066277 126.52876
 43.355606 121.5552
 37.766674 92.45647
 33.1984 111.8613
 30.184244 114.87353
 28.941683 113.36854
 23.145296 110.688446
 19.599182 111.12429
 17.845686 109.86015
 24.880575 101.7097
 24.03255 101.15067
 17.992546 106.42228
 19.581131 103.64353
 9.199761 99.461426
 4.859653 103.58639
 2.9383266 103.479195
 1.4595082 104.39887
 0.9348225 104.24604
 2.8440619 101.396515
 4.206486 100.566475
 8.2662115 98.43342
 17.906815 97.36135
 17.80078 96.63082
 11.580939 92.89312
 8.231743 93.645
 5.9659014 95.45509
 5.0704517 97.9789
 3.6308665 99.032364
 0.7526027 99.24233
 -2.689496 102.54372
 -5.964848 106.11249
 -7.261435 108.37123
 -8.391406 115.5203
 -9.03971 121.00287
 -9.176999 126.50736
 -8.229567 128.82448
 -5.399648 128.2196
 -5.138008 125.75379
 -4.042602 125.803345
 -4.117834 131.27502
 -2.9182668 130.64958
 -2.2361064 124.46497
 -0.09845998 124.172066
 0.67228454 115.81943
 -2.6311054 114.693245
 -3.0120356 110.15918
 0.8594779 108.93972
 2.6487927 110.07381
 4.018384 114.83628
 7.279754 117.07678
 5.175219 119.40964
 3.2178376 117.6869
 2.3190737 117.91953
 2.5066173 124.135025
 9.612055 122.42457
 12.842157 123.63238
 13.614885 121.88684
 13.70337 119.909164
 15.910204 119.173004
 19.97719 120.45203
 23.760044 119.23121
 25.353674 121.39959
 25.892473 124.91937
 33.00173 129.56328
 35.64506 132.87444
 35.886955 135.65865
 38.483795 139.35391
 43.156647 140.43848
 44.269253 145.67693
 47.369835 151.92804
 51.777645 156.34097
 55.985184 156.80591
 58.535675 159.03806
 59.2837 157.48221
 58.800705 154.92207
 59.002693 143.25426
 56.21918 138.41415
 53.346035 141.03874
 51.909607 141.40068
 48.587692 140.21579
 43.756927 135.55408
 42.864357 133.11679
 43.398407 132.11531
 48.086548 135.58113
 54.087173 132.72986
 55.67696 136.50078
 58.902363 134.93768
 62.847153 137.72124
 64.331795 136.5684
 65.13429 131.41394
 66.70688 126.67605
 69.49811 125.79478
 70.47501 128.58089
 71.80957 128.07375
 72.81652 123.08624
 72.34679 129.05098
 70.787926 131.0766
 70.01386 153.91444
 67.87687 141.20288
 64.99735 145.27277
 65.528076 146.72722
 64.90844 149.76381
 69.414276 161.99019
 69.456215 177.2817
 68.72 180.0
 75.75 180.0
 80.17986 151.95071
 77.2935 125.58847
 75.52011 112.9202
 73.04273 94.635796
 71.67581 79.98787
 73.117676 78.62706
 74.60741 91.65805
 77.97916 98.889946
 79.72974 90.38353
 76.23245 68.5395
 74.144005 58.518307
 71.75006 56.33357

Russian Far East 5
 68.72 -180.0
 66.11483 -170.21283
 74.72284 -173.4789
 75.75 -180.0
 68.72 -180.0

India 25
 16.526613 72.18069
 7.3225517 76.89959
 7.0254683 77.798805
 8.669575 78.63355
 8.089718 79.62724
 6.328274 79.81381
 5.548872 80.71939
 6.2217455 81.94209
 7.34175 82.18993
 10.78134 80.941895
 14.753627 80.68061
 20.6553 87.07969
 25.742601 90.22688
 26.727299 95.287796
 27.93231 97.30291
 28.097692 95.47176
 27.109776 93.47523
 26.76462 89.45937
 27.64664 83.627396
 29.613802 79.14393
 31.840096 75.91197
 32.92279 74.42723
 25.59735 67.72507
 23.821733 66.031075
 16.526613 72.18069

Antarctica 25
 -90.0 180.0
 -72.86 180.0
 -71.75787 171.6138
 -66.683205 155.84166
 -66.29168 146.03226
 -64.5922 126.76942
 -63.388287 100.38572
 -66.88473 74.48984
 -65.20427 50.984856
 -67.867065 33.908367
 -68.7492 16.948912
 -68.761444 -0.9463931
 -71.02411 -17.532282
 -74.11324 -29.00121
 -70.98426 -56.025116
 -62.55002 -53.70554
 -64.0822 -66.63702
 -68.945076 -77.511246
 -70.860245 -102.436295
 -72.475204 -124.094086
 -73.76532 -141.85583
 -76.25549 -153.9686
 -72.86 -180.0
 -90.0 -180.0
 -90.0 180.0
